[4.JPG]
filters=finetune2=1,0.233918,0.103860,0.148772,00000000,0.000000;
moddate=00004cb785d00000
width=3008
height=2000
textactive=0
[5.JPG]
filters=finetune2=1,0.309942,0.072982,0.151579,00000000,0.000000;finetune2=1,0.280702,0.109474,0.162807,00000000,0.000000;
moddate=000070b785d00000
width=3008
height=2000
textactive=0
[3.JPG]
filters=finetune2=1,0.309942,0.072982,0.238596,00000000,0.000000;
moddate=000061b785d00000
width=3008
height=2000
textactive=0
