[2.jpg]
filters=finetune2=1,0.292398,0.106667,0.058947,00000000,0.000000;
moddate=000061c185d00000
width=480
height=319
textactive=0
