[4.JPG]
filters=finetune2=1,0.345029,0.129123,0.081404,00000000,0.000000;
moddate=00007db785d00000
width=3008
height=2000
textactive=0
[3.JPG]
filters=finetune2=1,0.491228,0.098246,0.103860,00000000,0.000000;
moddate=000015c185d00000
width=3008
height=2000
textactive=0
[2.jpg]
filters=finetune2=1,0.233918,0.056140,0.081404,00000000,0.000000;
rotate=rotate(1)
moddate=000025c185d00000
width=1600
height=1200
textactive=0
[1.JPG]
filters=finetune2=1,0.286550,0.058947,0.050526,00000000,0.000000;
moddate=00002ec185d00000
width=3008
height=2000
textactive=0
