[3.jpg]
filters=finetune2=1,0.608187,0.084211,0.143158,00000000,0.000000;
moddate=000070c185d00000
width=960
height=1280
textactive=0
[2.jpg]
filters=finetune2=1,0.251462,0.064561,0.207719,00000000,0.000000;
moddate=00007bc185d00000
width=960
height=1280
textactive=0
